#tileset
Spritesheet1.bmp
7 1
tile0: vide
tile1: vide
tile2: plein
tile3: plein
tile4: victory
tile5: vide
tile6; plein
#level
11 19
3 3 3 3 3 3 3 3 3 3 3
1 1 1 1 1 1 1 1 1 1 1
1 1 1 1 1 4 1 1 1 1 1
1 1 1 6 6 6 6 6 1 1 1
1 1 1 1 1 1 1 1 1 1 1 
1 1 1 1 1 1 1 1 1 5 1 
1 1 1 1 1 1 2 2 1 1 1
1 1 1 1 1 1 1 1 1 1 1 
1 5 5 5 1 1 1 1 1 1 1
1 1 1 1 1 1 1 1 1 1 1
1 1 1 1 1 1 1 1 1 1 1
1 1 1 1 1 1 1 2 2 1 1 
1 1 1 1 1 1 1 1 1 1 1
1 1 1 1 1 1 1 1 1 1 1
1 1 5 5 5 1 1 1 1 1 1 
1 1 1 1 1 1 1 1 1 1 1
1 1 1 1 1 1 1 2 2 2 1
1 1 1 1 1 1 1 1 1 1 1
3 3 3 3 3 3 3 3 3 3 3
